K: [ 9.786977e+02, 0.000000e+00, 6.900000e+02, 0.000000e+00, 9.717435e+02, 2.497222e+02, 0.000000e+00, 0.000000e+00, 1.000000e+00]
D: [-3.792567e-01, 2.121203e-01, 9.182571e-04, 1.911304e-03, -7.605535e-02]

